-2 0 0
-2 1 1
-1 1 -1
-1 9 0
-1 10 1
0 1 -1
0 2 1
1 0 1
1 9 -1
1 10 0
2 0 -1
2 3 -1
3 2 1
3 4 0
4 3 0
4 5 0
4 6 1
5 4 0
5 6 -1
5 7 0
6 4 -1
6 5 1
7 5 0
7 8 1
8 7 -1
8 13 1
8 14 0
9 1 1
9 10 -1
9 11 0
9 12 1
10 1 0
10 9 1
10 15 1
10 17 -1
11 6 -1
11 9 0
11 12 -1
11 13 0
12 9 -1
12 11 1
12 19 2
12 20 0
13 6 1
13 8 -1
13 11 0
13 14 -1
14 8 0
14 13 -1
14 22 1
15 10 -1
15 16 -1
15 17 0
16 15 1
16 24 -1
16 25 0
17 10 1
17 15 0
17 18 1
18 17 -1 
18 24 1
18 26 0
19 12 1
19 20 -1
19 21 2
19 22 -1
20 12 0
20 19 2
20 21 2
20 23 0
21 19 2
21 20 1
21 22 1
21 23 -1
22 14 -1
22 19 2
22 21 2
23 20 0
23 21 2
23 28 1
24 16 1
24 18 -1
24 25 -1
24 26 1
25 16 0
25 24 1
25 27 -1
26 18 0
26 24 -1
26 27 1
26 28 -1
27 26 1
27 26 -1
27 28 0
28 23 -1
28 26 1
28 27 0
-3